100972494
100242188
101753393
101945692
102998629
102314859
103879753
103492316
104423348
104191675
105317959
105764367
106557637
106335591
107816895
107313939
108934549
108432461
109757651
109882975
110622396
110945331
111175165
111982311
112173131
112514696
113664721
113474436
114556461
114842334
115425574
115542857
116955892
116299726
117831873
117932631
118617611
118693441
119899795
119296621
120342932
120731681
121699935
121365447
122533931
122558762
123658735
123827787
124626589
124686293
125457819
125836551
126741745
126721183
127837968
127551149
128137624
128928755
129371245
129563843
130613719
130817596
131694928
131682829
132821232
132472972
133252237
133776163
134533542
134774253
135951665
135454828
136962541
136695616
137959522
137944488
138875117
138467465
139252226
139552658
140933389
140847711
141574727
141735691
142674321
142942865
143492116
143462884
144246691
144717471
145282149
145365241
146375535
146225728
147481232
147184963
148839337
148575633
149766854
149562819
150427764
150314937
151877623
151695364
152594798
152168762
153822467
153288765
154422575
154152959
155613449
155199811
156862482
156249228
157222181
157876176
158584367
158814839
159337134
159432224
160312933
160141637
161784711
161647334
162923261
162546357
163374989
163331615
164264645
164174889
165647267
165594787
166144735
166453267
167883624
167828962
168951173
168126246
169912166
169266163
170245262
170668929
171624686
171466281
172328562
172441122
173853874
173151921
174629634
174335969
175972339
175563895
176981948
176839719
177461192
177354795
178662642
178369161
179453199
179297666
180654445
180773282
181637343
181595955
182253782
182876192
183837437
183555529
184313477
184312297
185772579
185666981
186285456
186837897
187895293
187297412
188345765
188136278
189134315
189877195
190328581
190119148
191352442
191921314
192379492
192358218
193769598
193522716
194378546
194286844
195461673
195934765
196764589
196718539
197964128
197641238
198628144
198567326
199777691
199946835
200412574
200732379
201149293
201525617
202311288
202159875
203272349
203781366
204716413
204633721
205312272
205985535
206652972
206572318
207239941
207839515
208643212
208652296
209499667
209648529
